1699101778
1699173457
1699178776
1699432844
1699438751
1699512893
1699513515
1699521689
1699533274
1699534803
1699540693
1699580497
1699583506
1699600328
1699602726
1699605302
1699620868
1699621929
1699625946
1699654623
1699665729
1699703327
1699762040
1699777172
1699785489
1699790599
1699790679
1699794565
1699935157
1700037030
1700047437
1700061410
1700310009
1700399589
1700443023
1700445253
1700535724
1700573140
1700576124
1700648622
1700706552
1700925997
1700971761
1700972335
1701008861
1701271851
1701272360
1701313107
1701313185
1701313503
1701351147
1702549224
1702563089
1703831978
1703938135
